72
34900
39000
43000
45100
47000
49000
51000
52900
55000
57000
59000
63000
65000
67100
70900
75000
79000
80900
83100
84900
86900
88900
91000
93000
95000
99000
101000
103000
110800
114700
119000
120900
122900
124800
127000
128900
131000
132800
135000
137000
138900
140800
143000
170500
174700
178500
180500
182500
184500
186500
188400
190500
192400
194500
198500
200500
202500
206500
210500
214500
216500
218500
221500
223500
225300
227500
229500
231500
235000
237500
239100
243500
3
27
108000
42
147000
71
250000
