66
20000
23500
25700
27500
30700
32500
35000
38500
42500
44500
46000
47000
50000
53000
55500
58500
61500
64500
67000
70000
72500
78500
81500
86000
89000
93500
97000
100100
103500
138500
142000
144000
146000
149000
150500
153500
157400
161000
162500
164000
165000
168700
170300
174000
177000
179500
181500
185400
187000
191500
197000
200000
204500
207500
211500
215500
218500
222000
227000
230000
234500
237700
241900
245500
248800
252000
2
28
107000
65
255000






